10000000000000000000000000000000000000000000000002
00000000000000000000000000000000000000000000000000
00000000000000000000000000000000000000000000000000
00000000000000000000000000000000000000000000000000
00000000000000000000000000000000000000000000000000
00000000000000000000000000000000000000000000000000
00000001-----------------------------------------K
0000000|000000000000000000000000000000000000000000
0000000|000000000000000000000000000000000000000000
0000000|000000000000000000000000000000000000000000
0000000|000000000000000000000000000000000000000000
0000000|000000000000000000000000000000000000000000
P--2000|000000000000000000000000000000000000000000
000|000|000000000000000000000000000000000000000000
000|000|000000000000000000000000000000000000000000
0003---4000000000000000000000000000000000000000000
00000000000000000000000000000000000000000000000000
00000000000000000000000000000000000000000000000000
00000000000000000000000000000000000000000000000000
00000000000000000000000000000000000000000000000000
00000000000000000000000000000000000000000000000000
00000000000000000000000000000000000000000000000000
00000000000000000000000000000000000000000000000000
00000000000000000000000000000000000000000000000000
00000000000000000000000000000000000000000000000000
00000000000000000000000000000000000000000000000000
00000000000000000000000000000000000000000000000000
00000000000000000000000000000000000000000000000000
00000000000000000000000000000000000000000000000000
30000000000000000000000000000000000000000000000004